==============================================================================
	First Load: Vertex, UV, Normal		Fbx\House.fbx_folder\38_Info_Tür_2.txt
==============================================================================
get Tür_2 ... OK
childCount is ... 2
get child 0 name is ... Würfel_14
	child 0 NodeAttribute is ... eMesh
	child 0 mesh's ploygonCount is ... 92
	child 0 mesh's list of vertex, uv and normal ...
														Vertex												UV												Normal
		vertex[   0][   0]	|	       -2.28853,         98.5188,          39.965	|	              0,               1	|	              0,               0,               0
		vertex[   0][   1]	|	        2.28853,        -98.5188,          39.965	|	              1,               0	|	              0,               0,               0
		vertex[   0][   2]	|	        2.28853,         98.5188,          39.965	|	              1,               1	|	              0,               0,               0
		vertex[   1][   0]	|	        2.28853,        -98.5188,          39.965	|	              1,               0	|	              0,               0,               0
		vertex[   1][   1]	|	       -2.28853,         98.5188,          39.965	|	              0,               1	|	              0,               0,               0
		vertex[   1][   2]	|	       -2.28853,        -98.5188,          39.965	|	              0,               0	|	              0,               0,               0
		vertex[   2][   0]	|	        2.28853,        -6.26299,        -33.6769	|	        0.92133,        0.468214	|	              0,               0,               0
		vertex[   2][   1]	|	        2.28853,         9.64265,        -33.6769	|	        0.92133,        0.548938	|	              0,               0,               0
		vertex[   2][   2]	|	        2.28853,         9.64265,        -3.72218	|	       0.546568,        0.548938	|	              0,               0,               0
		vertex[   3][   0]	|	        2.28853,         -85.494,        -34.6769	|	       0.933841,       0.0661031	|	              0,               0,               0
		vertex[   3][   1]	|	        2.28853,         -86.494,        -33.6769	|	        0.92133,        0.061028	|	              0,               0,               0
		vertex[   3][   2]	|	        2.28853,        -98.5188,         -39.965	|	              1,               0	|	              0,               0,               0
		vertex[   4][   0]	|	        2.28853,        -98.5188,         -39.965	|	              1,               0	|	              0,               0,               0
		vertex[   4][   1]	|	        2.28853,         -86.494,        -33.6769	|	        0.92133,        0.061028	|	              0,               0,               0
		vertex[   4][   2]	|	        2.28853,         -86.494,        -3.72218	|	       0.546568,        0.061028	|	              0,               0,               0
		vertex[   5][   0]	|	        2.28853,         -86.494,         4.87844	|	       0.438966,        0.061028	|	              0,               0,               0
		vertex[   5][   1]	|	        2.28853,         -86.494,         34.8332	|	      0.0642037,        0.061028	|	              0,               0,               0
		vertex[   5][   2]	|	        2.28853,        -98.5188,          39.965	|	              0,               0	|	              0,               0,               0
		vertex[   6][   0]	|	        2.28853,        -98.5188,          39.965	|	              0,               0	|	              0,               0,               0
		vertex[   6][   1]	|	        2.28853,        -98.5188,         -39.965	|	              1,               0	|	              0,               0,               0
		vertex[   6][   2]	|	        2.28853,         -86.494,         4.87844	|	       0.438966,        0.061028	|	              0,               0,               0
		vertex[   7][   0]	|	        2.28853,         10.6427,        -34.6769	|	       0.933841,        0.554013	|	              0,               0,               0
		vertex[   7][   1]	|	        2.28853,        -6.26299,        -33.6769	|	        0.92133,        0.468214	|	              0,               0,               0
		vertex[   7][   2]	|	        2.28853,        -7.26299,        -34.6769	|	       0.933841,        0.463139	|	              0,               0,               0
		vertex[   8][   0]	|	        2.28853,        -6.26299,        -33.6769	|	        0.92133,        0.468214	|	              0,               0,               0
		vertex[   8][   1]	|	        2.28853,         10.6427,        -34.6769	|	       0.933841,        0.554013	|	              0,               0,               0
		vertex[   8][   2]	|	        2.28853,         9.64265,        -33.6769	|	        0.92133,        0.548938	|	              0,               0,               0
		vertex[   9][   0]	|	        2.28853,         9.64265,         4.87844	|	       0.438966,        0.548938	|	              0,               0,               0
		vertex[   9][   1]	|	        2.28853,         9.64265,        -3.72218	|	       0.546568,        0.548938	|	              0,               0,               0
		vertex[   9][   2]	|	        2.28853,         10.6427,         3.87844	|	       0.451477,        0.554013	|	              0,               0,               0
		vertex[  10][   0]	|	        2.28853,         10.6427,         3.87844	|	       0.451477,        0.554013	|	              0,               0,               0
		vertex[  10][   1]	|	        2.28853,         9.64265,        -3.72218	|	       0.546568,        0.548938	|	              0,               0,               0
		vertex[  10][   2]	|	        2.28853,         10.6427,        -2.72218	|	       0.534057,        0.554013	|	              0,               0,               0
		vertex[  11][   0]	|	        2.28853,         -86.494,         4.87844	|	       0.438966,        0.061028	|	              0,               0,               0
		vertex[  11][   1]	|	        2.28853,         -86.494,        -3.72218	|	       0.546568,        0.061028	|	              0,               0,               0
		vertex[  11][   2]	|	        2.28853,         -85.494,         3.87844	|	       0.451477,       0.0661031	|	              0,               0,               0
		vertex[  12][   0]	|	        2.28853,         -85.494,         3.87844	|	       0.451477,       0.0661031	|	              0,               0,               0
		vertex[  12][   1]	|	        2.28853,         -86.494,        -3.72218	|	       0.546568,        0.061028	|	              0,               0,               0
		vertex[  12][   2]	|	        2.28853,         -85.494,        -2.72218	|	       0.534057,       0.0661031	|	              0,               0,               0
		vertex[  13][   0]	|	        2.28853,        -98.5188,         -39.965	|	              1,               0	|	              0,               0,               0
		vertex[  13][   1]	|	        2.28853,         98.5188,         -39.965	|	              1,               1	|	              0,               0,               0
		vertex[  13][   2]	|	        2.28853,        -7.26299,        -34.6769	|	       0.933841,        0.463139	|	              0,               0,               0
		vertex[  14][   0]	|	        2.28853,        -98.5188,         -39.965	|	              1,               0	|	              0,               0,               0
		vertex[  14][   1]	|	        2.28853,        -7.26299,        -34.6769	|	       0.933841,        0.463139	|	              0,               0,               0
		vertex[  14][   2]	|	        2.28853,         -85.494,        -34.6769	|	       0.933841,       0.0661031	|	              0,               0,               0
		vertex[  15][   0]	|	        2.28853,        -98.5188,         -39.965	|	              1,               0	|	              0,               0,               0
		vertex[  15][   1]	|	        2.28853,         -86.494,        -3.72218	|	       0.546568,        0.061028	|	              0,               0,               0
		vertex[  15][   2]	|	        2.28853,         -86.494,         4.87844	|	       0.438966,        0.061028	|	              0,               0,               0
		vertex[  16][   0]	|	        2.28853,         10.6427,         3.87844	|	       0.451477,        0.554013	|	              0,               0,               0
		vertex[  16][   1]	|	        2.28853,         88.8736,        -2.72218	|	       0.534057,        0.951049	|	              0,               0,               0
		vertex[  16][   2]	|	        2.28853,         88.8736,         3.87844	|	       0.451477,        0.951049	|	              0,               0,               0
		vertex[  17][   0]	|	        2.28853,         88.8736,        -2.72218	|	       0.534057,        0.951049	|	              0,               0,               0
		vertex[  17][   1]	|	        2.28853,         10.6427,         3.87844	|	       0.451477,        0.554013	|	              0,               0,               0
		vertex[  17][   2]	|	        2.28853,         10.6427,        -2.72218	|	       0.534057,        0.554013	|	              0,               0,               0
		vertex[  18][   0]	|	        2.28853,        -6.26299,        -33.6769	|	        0.92133,        0.468214	|	              0,               0,               0
		vertex[  18][   1]	|	        2.28853,         9.64265,        -3.72218	|	       0.546568,        0.548938	|	              0,               0,               0
		vertex[  18][   2]	|	        2.28853,        -6.26299,        -3.72218	|	       0.546568,        0.468214	|	              0,               0,               0
		vertex[  19][   0]	|	        2.28853,         9.64265,         4.87844	|	       0.438966,        0.548938	|	              0,               0,               0
		vertex[  19][   1]	|	        2.28853,        -6.26299,        -3.72218	|	       0.546568,        0.468214	|	              0,               0,               0
		vertex[  19][   2]	|	        2.28853,         9.64265,        -3.72218	|	       0.546568,        0.548938	|	              0,               0,               0
		vertex[  20][   0]	|	        2.28853,         98.5188,         -39.965	|	              1,               1	|	              0,               0,               0
		vertex[  20][   1]	|	        2.28853,         10.6427,        -34.6769	|	       0.933841,        0.554013	|	              0,               0,               0
		vertex[  20][   2]	|	        2.28853,        -7.26299,        -34.6769	|	       0.933841,        0.463139	|	              0,               0,               0
		vertex[  21][   0]	|	        2.28853,        -7.26299,        -2.72218	|	       0.534057,        0.463139	|	              0,               0,               0
		vertex[  21][   1]	|	        2.28853,        -6.26299,        -3.72218	|	       0.546568,        0.468214	|	              0,               0,               0
		vertex[  21][   2]	|	        2.28853,         9.64265,         4.87844	|	       0.438966,        0.548938	|	              0,               0,               0
		vertex[  22][   0]	|	        2.28853,        -98.5188,          39.965	|	              0,               0	|	              0,               0,               0
		vertex[  22][   1]	|	        2.28853,         -86.494,         34.8332	|	      0.0642037,        0.061028	|	              0,               0,               0
		vertex[  22][   2]	|	        2.28853,         -85.494,         35.8332	|	      0.0516927,       0.0661031	|	              0,               0,               0
		vertex[  23][   0]	|	        2.28853,        -7.26299,         3.87844	|	       0.451477,        0.463139	|	              0,               0,               0
		vertex[  23][   1]	|	        2.28853,         -85.494,         3.87844	|	       0.451477,       0.0661031	|	              0,               0,               0
		vertex[  23][   2]	|	        2.28853,         -85.494,        -2.72218	|	       0.534057,       0.0661031	|	              0,               0,               0
		vertex[  24][   0]	|	        2.28853,        -7.26299,         3.87844	|	       0.451477,        0.463139	|	              0,               0,               0
		vertex[  24][   1]	|	        2.28853,         -85.494,        -2.72218	|	       0.534057,       0.0661031	|	              0,               0,               0
		vertex[  24][   2]	|	        2.28853,        -7.26299,        -2.72218	|	       0.534057,        0.463139	|	              0,               0,               0
		vertex[  25][   0]	|	        2.28853,         88.8736,        -34.6769	|	       0.933841,        0.951049	|	              0,               0,               0
		vertex[  25][   1]	|	        2.28853,         10.6427,        -34.6769	|	       0.933841,        0.554013	|	              0,               0,               0
		vertex[  25][   2]	|	        2.28853,         98.5188,         -39.965	|	              1,               1	|	              0,               0,               0
		vertex[  26][   0]	|	        2.28853,         89.8736,        -33.6769	|	        0.92133,        0.956124	|	              0,               0,               0
		vertex[  26][   1]	|	        2.28853,         88.8736,        -34.6769	|	       0.933841,        0.951049	|	              0,               0,               0
		vertex[  26][   2]	|	        2.28853,         98.5188,         -39.965	|	              1,               1	|	              0,               0,               0
		vertex[  27][   0]	|	        2.28853,         88.8736,        -2.72218	|	       0.534057,        0.951049	|	              0,               0,               0
		vertex[  27][   1]	|	        2.28853,         89.8736,         4.87844	|	       0.438966,        0.956124	|	              0,               0,               0
		vertex[  27][   2]	|	        2.28853,         88.8736,         3.87844	|	       0.451477,        0.951049	|	              0,               0,               0
		vertex[  28][   0]	|	        2.28853,         89.8736,        -3.72218	|	       0.546568,        0.956124	|	              0,               0,               0
		vertex[  28][   1]	|	        2.28853,         89.8736,         4.87844	|	       0.438966,        0.956124	|	              0,               0,               0
		vertex[  28][   2]	|	        2.28853,         88.8736,        -2.72218	|	       0.534057,        0.951049	|	              0,               0,               0
		vertex[  29][   0]	|	        2.28853,         98.5188,          39.965	|	              0,               1	|	              0,               0,               0
		vertex[  29][   1]	|	        2.28853,        -98.5188,          39.965	|	              0,               0	|	              0,               0,               0
		vertex[  29][   2]	|	        2.28853,        -7.26299,         35.8332	|	      0.0516927,        0.463139	|	              0,               0,               0
		vertex[  30][   0]	|	        2.28853,        -7.26299,         35.8332	|	      0.0516927,        0.463139	|	              0,               0,               0
		vertex[  30][   1]	|	        2.28853,        -98.5188,          39.965	|	              0,               0	|	              0,               0,               0
		vertex[  30][   2]	|	        2.28853,         -85.494,         35.8332	|	      0.0516927,       0.0661031	|	              0,               0,               0
		vertex[  31][   0]	|	        2.28853,        -7.26299,        -2.72218	|	       0.534057,        0.463139	|	              0,               0,               0
		vertex[  31][   1]	|	        2.28853,         9.64265,         4.87844	|	       0.438966,        0.548938	|	              0,               0,               0
		vertex[  31][   2]	|	        2.28853,        -6.26299,         4.87844	|	       0.438966,        0.468214	|	              0,               0,               0
		vertex[  32][   0]	|	        2.28853,        -7.26299,        -2.72218	|	       0.534057,        0.463139	|	              0,               0,               0
		vertex[  32][   1]	|	        2.28853,        -6.26299,         4.87844	|	       0.438966,        0.468214	|	              0,               0,               0
		vertex[  32][   2]	|	        2.28853,        -7.26299,         3.87844	|	       0.451477,        0.463139	|	              0,               0,               0
		vertex[  33][   0]	|	        2.28853,        -6.26299,         4.87844	|	       0.438966,        0.468214	|	              0,               0,               0
		vertex[  33][   1]	|	        2.28853,         9.64265,         34.8332	|	      0.0642037,        0.548938	|	              0,               0,               0
		vertex[  33][   2]	|	        2.28853,        -6.26299,         34.8332	|	      0.0642037,        0.468214	|	              0,               0,               0
		vertex[  34][   0]	|	        2.28853,         9.64265,         34.8332	|	      0.0642037,        0.548938	|	              0,               0,               0
		vertex[  34][   1]	|	        2.28853,        -6.26299,         4.87844	|	       0.438966,        0.468214	|	              0,               0,               0
		vertex[  34][   2]	|	        2.28853,         9.64265,         4.87844	|	       0.438966,        0.548938	|	              0,               0,               0
		vertex[  35][   0]	|	        2.28853,         98.5188,         -39.965	|	              1,               1	|	              0,               0,               0
		vertex[  35][   1]	|	        2.28853,         98.5188,          39.965	|	              0,               1	|	              0,               0,               0
		vertex[  35][   2]	|	        2.28853,         89.8736,        -3.72218	|	       0.546568,        0.956124	|	              0,               0,               0
		vertex[  36][   0]	|	        2.28853,         98.5188,         -39.965	|	              1,               1	|	              0,               0,               0
		vertex[  36][   1]	|	        2.28853,         89.8736,        -3.72218	|	       0.546568,        0.956124	|	              0,               0,               0
		vertex[  36][   2]	|	        2.28853,         89.8736,        -33.6769	|	        0.92133,        0.956124	|	              0,               0,               0
		vertex[  37][   0]	|	        2.28853,         89.8736,         4.87844	|	       0.438966,        0.956124	|	              0,               0,               0
		vertex[  37][   1]	|	        2.28853,         89.8736,        -3.72218	|	       0.546568,        0.956124	|	              0,               0,               0
		vertex[  37][   2]	|	        2.28853,         98.5188,          39.965	|	              0,               1	|	              0,               0,               0
		vertex[  38][   0]	|	        2.28853,         9.64265,         34.8332	|	      0.0642037,        0.548938	|	              0,               0,               0
		vertex[  38][   1]	|	        2.28853,        -7.26299,         35.8332	|	      0.0516927,        0.463139	|	              0,               0,               0
		vertex[  38][   2]	|	        2.28853,        -6.26299,         34.8332	|	      0.0642037,        0.468214	|	              0,               0,               0
		vertex[  39][   0]	|	        2.28853,         10.6427,         35.8332	|	      0.0516927,        0.554013	|	              0,               0,               0
		vertex[  39][   1]	|	        2.28853,        -7.26299,         35.8332	|	      0.0516927,        0.463139	|	              0,               0,               0
		vertex[  39][   2]	|	        2.28853,         9.64265,         34.8332	|	      0.0642037,        0.548938	|	              0,               0,               0
		vertex[  40][   0]	|	        2.28853,         89.8736,         34.8332	|	      0.0642037,        0.956124	|	              0,               0,               0
		vertex[  40][   1]	|	        2.28853,         89.8736,         4.87844	|	       0.438966,        0.956124	|	              0,               0,               0
		vertex[  40][   2]	|	        2.28853,         98.5188,          39.965	|	              0,               1	|	              0,               0,               0
		vertex[  41][   0]	|	        2.28853,         88.8736,         35.8332	|	      0.0516927,        0.951049	|	              0,               0,               0
		vertex[  41][   1]	|	        2.28853,         89.8736,         34.8332	|	      0.0642037,        0.956124	|	              0,               0,               0
		vertex[  41][   2]	|	        2.28853,         98.5188,          39.965	|	              0,               1	|	              0,               0,               0
		vertex[  42][   0]	|	        2.28853,         10.6427,         35.8332	|	      0.0516927,        0.554013	|	              0,               0,               0
		vertex[  42][   1]	|	        2.28853,         88.8736,         35.8332	|	      0.0516927,        0.951049	|	              0,               0,               0
		vertex[  42][   2]	|	        2.28853,         98.5188,          39.965	|	              0,               1	|	              0,               0,               0
		vertex[  43][   0]	|	        2.28853,         10.6427,         35.8332	|	      0.0516927,        0.554013	|	              0,               0,               0
		vertex[  43][   1]	|	        2.28853,         98.5188,          39.965	|	              0,               1	|	              0,               0,               0
		vertex[  43][   2]	|	        2.28853,        -7.26299,         35.8332	|	      0.0516927,        0.463139	|	              0,               0,               0
		vertex[  44][   0]	|	        2.28853,         98.5188,         -39.965	|	              0,               1	|	              0,               0,               0
		vertex[  44][   1]	|	        2.28853,        -98.5188,         -39.965	|	              0,               0	|	              0,               0,               0
		vertex[  44][   2]	|	       -2.28853,        -98.5188,         -39.965	|	              1,               0	|	              0,               0,               0
		vertex[  45][   0]	|	       -2.28853,        -98.5188,         -39.965	|	              1,               0	|	              0,               0,               0
		vertex[  45][   1]	|	       -2.28853,         98.5188,         -39.965	|	              1,               1	|	              0,               0,               0
		vertex[  45][   2]	|	        2.28853,         98.5188,         -39.965	|	              0,               1	|	              0,               0,               0
		vertex[  46][   0]	|	       -2.28853,        -6.35117,         34.8332	|	       0.935796,        0.467767	|	              0,               0,               0
		vertex[  46][   1]	|	       -2.28853,         9.73083,         34.8332	|	       0.935796,        0.549386	|	              0,               0,               0
		vertex[  46][   2]	|	       -2.28853,         9.73083,         4.87844	|	       0.561034,        0.549386	|	              0,               0,               0
		vertex[  47][   0]	|	       -2.28853,         -85.494,          35.745	|	       0.947204,       0.0661031	|	              0,               0,               0
		vertex[  47][   1]	|	       -2.28853,        -86.4058,         34.8332	|	       0.935796,       0.0614755	|	              0,               0,               0
		vertex[  47][   2]	|	       -2.28853,        -98.5188,          39.965	|	              1,               0	|	              0,               0,               0
		vertex[  48][   0]	|	       -2.28853,        -98.5188,          39.965	|	              1,               0	|	              0,               0,               0
		vertex[  48][   1]	|	       -2.28853,        -86.4058,         4.87844	|	       0.561034,       0.0614755	|	              0,               0,               0
		vertex[  48][   2]	|	       -2.28853,        -98.5188,         -39.965	|	              0,               0	|	              0,               0,               0
		vertex[  49][   0]	|	       -2.28853,        -86.4058,         4.87844	|	       0.561034,       0.0614755	|	              0,               0,               0
		vertex[  49][   1]	|	       -2.28853,        -98.5188,          39.965	|	              1,               0	|	              0,               0,               0
		vertex[  49][   2]	|	       -2.28853,        -86.4058,         34.8332	|	       0.935796,       0.0614755	|	              0,               0,               0
		vertex[  50][   0]	|	       -2.28853,        -6.35117,         34.8332	|	       0.935796,        0.467767	|	              0,               0,               0
		vertex[  50][   1]	|	       -2.28853,         10.6427,          35.745	|	       0.947204,        0.554013	|	              0,               0,               0
		vertex[  50][   2]	|	       -2.28853,         9.73083,         34.8332	|	       0.935796,        0.549386	|	              0,               0,               0
		vertex[  51][   0]	|	       -2.28853,        -7.26299,          35.745	|	       0.947204,        0.463139	|	              0,               0,               0
		vertex[  51][   1]	|	       -2.28853,         10.6427,          35.745	|	       0.947204,        0.554013	|	              0,               0,               0
		vertex[  51][   2]	|	       -2.28853,        -6.35117,         34.8332	|	       0.935796,        0.467767	|	              0,               0,               0
		vertex[  52][   0]	|	       -2.28853,        -86.4058,         4.87844	|	       0.561034,       0.0614755	|	              0,               0,               0
		vertex[  52][   1]	|	       -2.28853,         -85.494,        -2.81036	|	        0.46484,       0.0661031	|	              0,               0,               0
		vertex[  52][   2]	|	       -2.28853,        -86.4058,        -3.72218	|	       0.453432,       0.0614755	|	              0,               0,               0
		vertex[  53][   0]	|	       -2.28853,         -85.494,        -2.81036	|	        0.46484,       0.0661031	|	              0,               0,               0
		vertex[  53][   1]	|	       -2.28853,        -86.4058,         4.87844	|	       0.561034,       0.0614755	|	              0,               0,               0
		vertex[  53][   2]	|	       -2.28853,         -85.494,         3.96662	|	       0.549626,       0.0661031	|	              0,               0,               0
		vertex[  54][   0]	|	       -2.28853,         9.73083,         4.87844	|	       0.561034,        0.549386	|	              0,               0,               0
		vertex[  54][   1]	|	       -2.28853,         10.6427,        -2.81036	|	        0.46484,        0.554013	|	              0,               0,               0
		vertex[  54][   2]	|	       -2.28853,         9.73083,        -3.72218	|	       0.453432,        0.549386	|	              0,               0,               0
		vertex[  55][   0]	|	       -2.28853,         10.6427,        -2.81036	|	        0.46484,        0.554013	|	              0,               0,               0
		vertex[  55][   1]	|	       -2.28853,         9.73083,         4.87844	|	       0.561034,        0.549386	|	              0,               0,               0
		vertex[  55][   2]	|	       -2.28853,         10.6427,         3.96662	|	       0.549626,        0.554013	|	              0,               0,               0
		vertex[  56][   0]	|	       -2.28853,        -6.35117,         4.87844	|	       0.561034,        0.467767	|	              0,               0,               0
		vertex[  56][   1]	|	       -2.28853,         9.73083,         4.87844	|	       0.561034,        0.549386	|	              0,               0,               0
		vertex[  56][   2]	|	       -2.28853,         9.73083,        -3.72218	|	       0.453432,        0.549386	|	              0,               0,               0
		vertex[  57][   0]	|	       -2.28853,         9.73083,         4.87844	|	       0.561034,        0.549386	|	              0,               0,               0
		vertex[  57][   1]	|	       -2.28853,        -6.35117,         4.87844	|	       0.561034,        0.467767	|	              0,               0,               0
		vertex[  57][   2]	|	       -2.28853,        -6.35117,         34.8332	|	       0.935796,        0.467767	|	              0,               0,               0
		vertex[  58][   0]	|	       -2.28853,         -85.494,         3.96662	|	       0.549626,       0.0661031	|	              0,               0,               0
		vertex[  58][   1]	|	       -2.28853,        -7.26299,         3.96662	|	       0.549626,        0.463139	|	              0,               0,               0
		vertex[  58][   2]	|	       -2.28853,        -7.26299,        -2.81036	|	        0.46484,        0.463139	|	              0,               0,               0
		vertex[  59][   0]	|	       -2.28853,         9.73083,        -3.72218	|	       0.453432,        0.549386	|	              0,               0,               0
		vertex[  59][   1]	|	       -2.28853,        -7.26299,        -2.81036	|	        0.46484,        0.463139	|	              0,               0,               0
		vertex[  59][   2]	|	       -2.28853,        -7.26299,         3.96662	|	       0.549626,        0.463139	|	              0,               0,               0
		vertex[  60][   0]	|	       -2.28853,         88.8736,        -2.81036	|	        0.46484,        0.951049	|	              0,               0,               0
		vertex[  60][   1]	|	       -2.28853,         10.6427,        -2.81036	|	        0.46484,        0.554013	|	              0,               0,               0
		vertex[  60][   2]	|	       -2.28853,         88.8736,         3.96662	|	       0.549626,        0.951049	|	              0,               0,               0
		vertex[  61][   0]	|	       -2.28853,         10.6427,         3.96662	|	       0.549626,        0.554013	|	              0,               0,               0
		vertex[  61][   1]	|	       -2.28853,         88.8736,         3.96662	|	       0.549626,        0.951049	|	              0,               0,               0
		vertex[  61][   2]	|	       -2.28853,         10.6427,        -2.81036	|	        0.46484,        0.554013	|	              0,               0,               0
		vertex[  62][   0]	|	       -2.28853,        -98.5188,         -39.965	|	              0,               0	|	              0,               0,               0
		vertex[  62][   1]	|	       -2.28853,        -86.4058,         4.87844	|	       0.561034,       0.0614755	|	              0,               0,               0
		vertex[  62][   2]	|	       -2.28853,        -86.4058,        -3.72218	|	       0.453432,       0.0614755	|	              0,               0,               0
		vertex[  63][   0]	|	       -2.28853,        -98.5188,          39.965	|	              1,               0	|	              0,               0,               0
		vertex[  63][   1]	|	       -2.28853,         98.5188,          39.965	|	              1,               1	|	              0,               0,               0
		vertex[  63][   2]	|	       -2.28853,        -7.26299,          35.745	|	       0.947204,        0.463139	|	              0,               0,               0
		vertex[  64][   0]	|	       -2.28853,        -98.5188,          39.965	|	              1,               0	|	              0,               0,               0
		vertex[  64][   1]	|	       -2.28853,        -7.26299,          35.745	|	       0.947204,        0.463139	|	              0,               0,               0
		vertex[  64][   2]	|	       -2.28853,         -85.494,          35.745	|	       0.947204,       0.0661031	|	              0,               0,               0
		vertex[  65][   0]	|	       -2.28853,         98.5188,          39.965	|	              1,               1	|	              0,               0,               0
		vertex[  65][   1]	|	       -2.28853,         10.6427,          35.745	|	       0.947204,        0.554013	|	              0,               0,               0
		vertex[  65][   2]	|	       -2.28853,        -7.26299,          35.745	|	       0.947204,        0.463139	|	              0,               0,               0
		vertex[  66][   0]	|	       -2.28853,        -7.26299,         3.96662	|	       0.549626,        0.463139	|	              0,               0,               0
		vertex[  66][   1]	|	       -2.28853,        -6.35117,         4.87844	|	       0.561034,        0.467767	|	              0,               0,               0
		vertex[  66][   2]	|	       -2.28853,         9.73083,        -3.72218	|	       0.453432,        0.549386	|	              0,               0,               0
		vertex[  67][   0]	|	       -2.28853,        -98.5188,         -39.965	|	              0,               0	|	              0,               0,               0
		vertex[  67][   1]	|	       -2.28853,        -86.4058,        -3.72218	|	       0.453432,       0.0614755	|	              0,               0,               0
		vertex[  67][   2]	|	       -2.28853,        -86.4058,        -33.6769	|	      0.0786696,       0.0614755	|	              0,               0,               0
		vertex[  68][   0]	|	       -2.28853,        -7.26299,        -2.81036	|	        0.46484,        0.463139	|	              0,               0,               0
		vertex[  68][   1]	|	       -2.28853,         -85.494,        -2.81036	|	        0.46484,       0.0661031	|	              0,               0,               0
		vertex[  68][   2]	|	       -2.28853,         -85.494,         3.96662	|	       0.549626,       0.0661031	|	              0,               0,               0
		vertex[  69][   0]	|	       -2.28853,         88.8736,          35.745	|	       0.947204,        0.951049	|	              0,               0,               0
		vertex[  69][   1]	|	       -2.28853,         10.6427,          35.745	|	       0.947204,        0.554013	|	              0,               0,               0
		vertex[  69][   2]	|	       -2.28853,         98.5188,          39.965	|	              1,               1	|	              0,               0,               0
		vertex[  70][   0]	|	       -2.28853,        -98.5188,         -39.965	|	              0,               0	|	              0,               0,               0
		vertex[  70][   1]	|	       -2.28853,        -86.4058,        -33.6769	|	      0.0786696,       0.0614755	|	              0,               0,               0
		vertex[  70][   2]	|	       -2.28853,         -85.494,        -34.5887	|	      0.0672618,       0.0661031	|	              0,               0,               0
		vertex[  71][   0]	|	       -2.28853,         89.7855,         34.8332	|	       0.935796,        0.955677	|	              0,               0,               0
		vertex[  71][   1]	|	       -2.28853,         88.8736,          35.745	|	       0.947204,        0.951049	|	              0,               0,               0
		vertex[  71][   2]	|	       -2.28853,         98.5188,          39.965	|	              1,               1	|	              0,               0,               0
		vertex[  72][   0]	|	       -2.28853,         89.7855,        -3.72218	|	       0.453432,        0.955677	|	              0,               0,               0
		vertex[  72][   1]	|	       -2.28853,         88.8736,        -2.81036	|	        0.46484,        0.951049	|	              0,               0,               0
		vertex[  72][   2]	|	       -2.28853,         88.8736,         3.96662	|	       0.549626,        0.951049	|	              0,               0,               0
		vertex[  73][   0]	|	       -2.28853,         89.7855,         4.87844	|	       0.561034,        0.955677	|	              0,               0,               0
		vertex[  73][   1]	|	       -2.28853,         89.7855,        -3.72218	|	       0.453432,        0.955677	|	              0,               0,               0
		vertex[  73][   2]	|	       -2.28853,         88.8736,         3.96662	|	       0.549626,        0.951049	|	              0,               0,               0
		vertex[  74][   0]	|	       -2.28853,         89.7855,         4.87844	|	       0.561034,        0.955677	|	              0,               0,               0
		vertex[  74][   1]	|	       -2.28853,         98.5188,         -39.965	|	              0,               1	|	              0,               0,               0
		vertex[  74][   2]	|	       -2.28853,         89.7855,        -3.72218	|	       0.453432,        0.955677	|	              0,               0,               0
		vertex[  75][   0]	|	       -2.28853,        -6.35117,        -3.72218	|	       0.453432,        0.467767	|	              0,               0,               0
		vertex[  75][   1]	|	       -2.28853,        -7.26299,        -2.81036	|	        0.46484,        0.463139	|	              0,               0,               0
		vertex[  75][   2]	|	       -2.28853,         9.73083,        -3.72218	|	       0.453432,        0.549386	|	              0,               0,               0
		vertex[  76][   0]	|	       -2.28853,         98.5188,         -39.965	|	              0,               1	|	              0,               0,               0
		vertex[  76][   1]	|	       -2.28853,        -98.5188,         -39.965	|	              0,               0	|	              0,               0,               0
		vertex[  76][   2]	|	       -2.28853,        -7.26299,        -34.5887	|	      0.0672618,        0.463139	|	              0,               0,               0
		vertex[  77][   0]	|	       -2.28853,        -7.26299,        -34.5887	|	      0.0672618,        0.463139	|	              0,               0,               0
		vertex[  77][   1]	|	       -2.28853,        -98.5188,         -39.965	|	              0,               0	|	              0,               0,               0
		vertex[  77][   2]	|	       -2.28853,         -85.494,        -34.5887	|	      0.0672618,       0.0661031	|	              0,               0,               0
		vertex[  78][   0]	|	       -2.28853,         9.73083,        -3.72218	|	       0.453432,        0.549386	|	              0,               0,               0
		vertex[  78][   1]	|	       -2.28853,         9.73083,        -33.6769	|	      0.0786696,        0.549386	|	              0,               0,               0
		vertex[  78][   2]	|	       -2.28853,        -6.35117,        -3.72218	|	       0.453432,        0.467767	|	              0,               0,               0
		vertex[  79][   0]	|	       -2.28853,        -6.35117,        -3.72218	|	       0.453432,        0.467767	|	              0,               0,               0
		vertex[  79][   1]	|	       -2.28853,         9.73083,        -33.6769	|	      0.0786696,        0.549386	|	              0,               0,               0
		vertex[  79][   2]	|	       -2.28853,        -6.35117,        -33.6769	|	      0.0786696,        0.467767	|	              0,               0,               0
		vertex[  80][   0]	|	       -2.28853,         98.5188,          39.965	|	              1,               1	|	              0,               0,               0
		vertex[  80][   1]	|	       -2.28853,         89.7855,         4.87844	|	       0.561034,        0.955677	|	              0,               0,               0
		vertex[  80][   2]	|	       -2.28853,         89.7855,         34.8332	|	       0.935796,        0.955677	|	              0,               0,               0
		vertex[  81][   0]	|	       -2.28853,         98.5188,          39.965	|	              1,               1	|	              0,               0,               0
		vertex[  81][   1]	|	       -2.28853,         98.5188,         -39.965	|	              0,               1	|	              0,               0,               0
		vertex[  81][   2]	|	       -2.28853,         89.7855,         4.87844	|	       0.561034,        0.955677	|	              0,               0,               0
		vertex[  82][   0]	|	       -2.28853,         10.6427,        -34.5887	|	      0.0672618,        0.554013	|	              0,               0,               0
		vertex[  82][   1]	|	       -2.28853,        -6.35117,        -33.6769	|	      0.0786696,        0.467767	|	              0,               0,               0
		vertex[  82][   2]	|	       -2.28853,         9.73083,        -33.6769	|	      0.0786696,        0.549386	|	              0,               0,               0
		vertex[  83][   0]	|	       -2.28853,        -6.35117,        -33.6769	|	      0.0786696,        0.467767	|	              0,               0,               0
		vertex[  83][   1]	|	       -2.28853,         10.6427,        -34.5887	|	      0.0672618,        0.554013	|	              0,               0,               0
		vertex[  83][   2]	|	       -2.28853,        -7.26299,        -34.5887	|	      0.0672618,        0.463139	|	              0,               0,               0
		vertex[  84][   0]	|	       -2.28853,         89.7855,        -33.6769	|	      0.0786696,        0.955677	|	              0,               0,               0
		vertex[  84][   1]	|	       -2.28853,         89.7855,        -3.72218	|	       0.453432,        0.955677	|	              0,               0,               0
		vertex[  84][   2]	|	       -2.28853,         98.5188,         -39.965	|	              0,               1	|	              0,               0,               0
		vertex[  85][   0]	|	       -2.28853,         88.8736,        -34.5887	|	      0.0672618,        0.951049	|	              0,               0,               0
		vertex[  85][   1]	|	       -2.28853,         89.7855,        -33.6769	|	      0.0786696,        0.955677	|	              0,               0,               0
		vertex[  85][   2]	|	       -2.28853,         98.5188,         -39.965	|	              0,               1	|	              0,               0,               0
		vertex[  86][   0]	|	       -2.28853,         98.5188,         -39.965	|	              0,               1	|	              0,               0,               0
		vertex[  86][   1]	|	       -2.28853,        -7.26299,        -34.5887	|	      0.0672618,        0.463139	|	              0,               0,               0
		vertex[  86][   2]	|	       -2.28853,         10.6427,        -34.5887	|	      0.0672618,        0.554013	|	              0,               0,               0
		vertex[  87][   0]	|	       -2.28853,         10.6427,        -34.5887	|	      0.0672618,        0.554013	|	              0,               0,               0
		vertex[  87][   1]	|	       -2.28853,         88.8736,        -34.5887	|	      0.0672618,        0.951049	|	              0,               0,               0
		vertex[  87][   2]	|	       -2.28853,         98.5188,         -39.965	|	              0,               1	|	              0,               0,               0
		vertex[  88][   0]	|	       -2.28853,         98.5188,         -39.965	|	              0,               1	|	              0,               0,               0
		vertex[  88][   1]	|	       -2.28853,         98.5188,          39.965	|	              0,               0	|	              0,               0,               0
		vertex[  88][   2]	|	        2.28853,         98.5188,          39.965	|	              1,               0	|	              0,               0,               0
		vertex[  89][   0]	|	        2.28853,         98.5188,          39.965	|	              1,               0	|	              0,               0,               0
		vertex[  89][   1]	|	        2.28853,         98.5188,         -39.965	|	              1,               1	|	              0,               0,               0
		vertex[  89][   2]	|	       -2.28853,         98.5188,         -39.965	|	              0,               1	|	              0,               0,               0
		vertex[  90][   0]	|	       -2.28853,        -98.5188,          39.965	|	              0,               1	|	              0,               0,               0
		vertex[  90][   1]	|	        2.28853,        -98.5188,         -39.965	|	              1,               0	|	              0,               0,               0
		vertex[  90][   2]	|	        2.28853,        -98.5188,          39.965	|	              1,               1	|	              0,               0,               0
		vertex[  91][   0]	|	        2.28853,        -98.5188,         -39.965	|	              1,               0	|	              0,               0,               0
		vertex[  91][   1]	|	       -2.28853,        -98.5188,          39.965	|	              0,               1	|	              0,               0,               0
		vertex[  91][   2]	|	       -2.28853,        -98.5188,         -39.965	|	              0,               0	|	              0,               0,               0
get child 1 name is ... Null_2
	child 1 Attribute is ... nullptr
